+919998100617
+917383344211
+919099190604
+919879413455
+919825128420
+917383111522
+919737147990
+919561275421
+917900705667
+60175957393
+919099028291 
+351920121085
+917012475729
+918200085780
+917490898365
+919824397007
+919913371271
+919427678767
+919978687005
+917600051866
+919825124042
+919724531432
+37443048620
+917698975032
+918238110841
+919321013420
+919510111011
+917048552002
+919879413006
+919265259156
+919099914402
+917728068010
+919737300746
+919898122692
+918905148629
+918866021128
+919374237064
